330             0
329.5           1
329             2
328.5           3
328             4
327.5           5
327             6
326.5           7
326             8
325.5           9
325             10
324.5           11
324             12
323.5           13
323             14
322.5           15
322             16
321.5           17
321             18
320.5           19
320             20
319.5           21
319             22
318.5           23
318             24
317.5           25
317             26
316.5           27
316             28
315.5           29
315             30
314.5           31
314             32
313.5           33
313             34
312.5           35
312             36
311.5           37
311             38
310.5           39
310             40
309.5           41
309             42
308.5           43
308             44
307.5           45
307             46
306.5           47
306             48
305.5           49
305             50
304.5           51
304             52
303.5           53
303             54
302.5           55
302             56
301.5           57
301             58
300.5           59
300             60
299.5           61
299             62
298.5           63
298             64
297.5           65
297             66
296.5           67
296             68
295.5           69
295             70
294.5           71
294             72
293.5           73
293             74
292.5           75
292             76
291.5           77
291             78
290.5           79
290             80
289.5           81
289             82
288.5           83
288             84
287.5           85
287             86
286.5           87
286             88
285.5           89
285             90
284.5           91
284             92
283.5           93
283             94
282.5           95
282             96
281.5           97
281             98
280.5           99
280             100
279.5           101
279             102
278.5           103
278             104
277.5           105
277             106
276.5           107
276             108
275.5           109
275             110
274.5           111
274             112
273.5           113
273             114
272.5           115
272             116
271.5           117
271             118
270.5           119
270             120
269.5           121
269             122
268.5           123
268             124
267.5           125
267             126
266.5           127
266             128
265.5           129
265             130
264.5           131
264             132
263.5           133
263             134
262.5           135
262             136
261.5           137
261             138
260.5           139
260             140
259.5           141
259             142
258.5           143
258             144
257.5           145
257             146
256.5           147
256             148
255.5           149
255             150
254.5           151
254             152
253.5           153
253             154
252.5           155
252             156
251.5           157
251             158
250.5           159
250             160
249.5           161
249             162
248.5           163
248             164
247.5           165
247             166
246.5           167
246             168
245.5           169
245             170
244.5           171
244             172
243.5           173
243             174
242.5           175
242             176
241             177
240             178
239             179
238             180
237             181
236             182
235             183
234             184
233             185
232             186
231             187
230             188
229             189
228             190
227             191
226             192
225             193
224             194
223             195
222             196
221             197
220             198
219             199
218             200
217             201
216             202
215             203
214             204
213             205
212             206
211             207
210             208
209             209
208             210
207             211
206             212
205             213
204             214
203             215
202             216
201             217
200             218
199             219
198             220
197             221
196             222
195             223
194             224
193             225
192             226
191             227
190             228
189             229
188             230
187             231
186             232
185             233
184             234
183             235
182             236
181             237
180             238
179             239
178             240
177             241
176             242
175             243
174             244
173             245
172             246
171             247
170             248
169             249
168             250
167             251
166             252
165             253
164             254
163             255
